1111111001000100001111111
1000001011011001001000001
1011101001110001101011101
1011101011010001001011101
1011101000101101001011101
1000001010100111001000001
1111111010101010101111111
0000000000001101000000000
1111101111101011110101010
0010000011000001110100011
0010011111011000000001001
0111000011110011001011100
1001011101010001010101100
1001110100101110000110111
1001011000000110011101001
1001100101101100110101101
1011001000001010111110011
0000000011100001100011110
1111111010011000101010001
1000001001010011100011110
1011101010110001111110100
1011101011101111010011001
1011101010100111111011101
1000001011101100011101100
1111111010101010110111001
