3433343333323221123433343
4656564445644233344656564
3546453556754134443546453
3669663435654244443669663
3546453535444464333546453
4656564525354665344656564
3433343424244665333433343
4666554545354656544454543
2444222455333456744231333
2555345787543335644242444
1454223577643234433344443
2454446676754233323356531
3455645455654454324567652
3334767432334553336565553
3335755333345753346565564
3445544322234644578664454
2334322345443435665566664
3555443434343325564655454
3433343445543236541457653
4656564534554236664656442
3546453546654467754567542
3669663647554577876667442
3546453658555775666567542
4656564647454655677677542
3433343435343422345454321
